image: test2.png
resolution: 0.1
origin:[-100.000000, -100.000000, 0.000000]
occupied_thresh: 0.65
free_thresh: 0.196
negate: 0
